      0/24       12G      2.71      1.67         0      4.38        31       384     0.506     0.843     0.751     0.632       2.4     0.835         0
      1/24       12G      2.45       1.5         0      3.95        18       384     0.492     0.845     0.757     0.622      2.26     0.813         0
      2/24       12G      2.39      1.45         0      3.84        11       384     0.531     0.842     0.768     0.651      2.31     0.796         0
      3/24       12G      2.36       1.4         0      3.76        12       320      0.56     0.809     0.752     0.662      2.35     0.805         0
      4/24       12G      2.36      1.39         0      3.75        42       448     0.552     0.834     0.771     0.664      2.21     0.757         0
      5/24       12G      2.59       1.5         0      4.09        17       640     0.624     0.696     0.695     0.658      2.56     0.829         0
      6/24       12G      2.66      1.54         0       4.2        13       448      0.57     0.762     0.722     0.652      2.42     0.805         0
      7/24       12G      2.54      1.45         0      3.99        12       384      0.58     0.779     0.737     0.665      2.37     0.781         0
      8/24       12G      2.48      1.41         0      3.89        20       384     0.592     0.783     0.748     0.674      2.29     0.766         0
      9/24       12G      2.44      1.41         0      3.85        10       640     0.618      0.77     0.744     0.686      2.32     0.771         0
     10/24       12G      2.56      1.47         0      4.03        32       448     0.593      0.77     0.739      0.67      2.38     0.782         0
     11/24       12G      2.44       1.4         0      3.84        19       448     0.602     0.775     0.744     0.677      2.34     0.777         0
     12/24       12G      2.39      1.36         0      3.76        26       576     0.608     0.773     0.744     0.681      2.34     0.763         0
     13/24       12G      2.36      1.34         0       3.7        28       640     0.613     0.788     0.755      0.69      2.28     0.756         0
     14/24       12G      2.43      1.41         0      3.83        12       384     0.576     0.761     0.718     0.656      2.37     0.797         0
     15/24       12G      2.43      1.36         0      3.79        11       384     0.582     0.782     0.738     0.667      2.35     0.769         0
     16/24       12G      2.45       1.4         0      3.85        21       512     0.593     0.772     0.741      0.67      2.32      0.78         0
     17/24       12G      2.41      1.38         0       3.8        28       640     0.601     0.772     0.737     0.675      2.32     0.782         0
     18/24       12G      2.39      1.38         0      3.77        27       640     0.588     0.775     0.738     0.668      2.32     0.784         0
     19/24       12G      2.54      1.48         0      4.02        16       448     0.593     0.753     0.724     0.663       2.4     0.797         0
     20/24       12G      2.51      1.44         0      3.96        22       640     0.583     0.735     0.701      0.65      2.43     0.811         0
     21/24       12G      2.48      1.43         0      3.92        28       576     0.583     0.759     0.721      0.66      2.36     0.795         0
     22/24       12G      2.47      1.43         0       3.9        29       320     0.585     0.706     0.681      0.64      2.51     0.843         0
     23/24       12G      5.07      2.05         0      7.13        30       512         0         0  0.000988         0      6.17      1.35         0
     24/24       12G      6.14       2.4         0      8.54        26       576         0         0   0.00035         0      8.34     0.904         0
