      0/24       12G      1.53      2.12         0      3.65        31       384     0.477     0.861     0.767     0.614      1.32      1.08         0
      1/24       12G      1.34      1.89         0      3.23        18       384      0.47     0.861     0.763     0.608      1.26      1.06         0
      2/24       12G      1.29      1.81         0      3.11        11       384      0.52     0.855     0.782     0.647      1.23      1.03         0
      3/24       12G      1.27      1.73         0      2.99        12       320     0.535      0.85     0.782     0.657      1.22         1         0
      4/24       12G      1.25      1.69         0      2.95        42       448     0.554     0.853      0.79     0.672       1.2     0.973         0
      5/24       12G      1.23      1.65         0      2.89        17       640      0.58      0.84      0.79     0.686      1.21     0.948         0
      6/24       12G      1.22      1.63         0      2.85        13       448     0.544     0.847     0.784     0.663      1.19     0.971         0
      7/24       12G      1.21       1.6         0      2.81        12       384     0.566     0.842     0.787     0.677       1.2     0.956         0
      8/24       12G      1.21      1.59         0      2.79        20       384     0.565     0.844     0.789     0.677      1.17      0.96         0
      9/24       12G       1.2      1.59         0      2.79        10       640     0.592     0.839     0.794     0.694      1.18     0.949         0
     10/24       12G      1.19      1.57         0      2.76        32       448     0.566     0.848     0.793     0.679      1.17     0.959         0
     11/24       12G      1.19      1.57         0      2.76        19       448     0.551     0.851     0.791     0.669      1.17     0.972         0
     12/24       12G      1.18      1.55         0      2.73        26       576     0.592      0.84     0.799     0.695      1.16     0.967         0
     13/24       12G      1.17      1.54         0      2.72        28       640      0.58     0.844     0.794     0.688      1.15      0.96         0
     14/24       12G      1.17      1.55         0      2.72        12       384     0.554     0.847     0.788      0.67      1.16     0.971         0
     15/24       12G      1.16      1.49         0      2.65        11       384     0.545     0.852     0.789     0.665      1.16     0.968         0
     16/24       12G      1.15      1.51         0      2.67        21       512     0.581     0.843     0.796     0.688      1.15     0.965         0
     17/24       12G      1.16      1.53         0      2.68        28       640     0.565     0.848     0.792     0.678      1.14     0.956         0
     18/24       12G      1.15      1.52         0      2.67        27       640     0.568     0.848     0.793      0.68      1.15     0.967         0
     19/24       12G      1.15      1.51         0      2.65        16       448     0.585     0.842     0.797      0.69      1.15     0.959         0
     20/24       12G      1.14      1.49         0      2.63        22       640      0.56     0.847     0.792     0.674      1.15     0.979         0
     21/24       12G      1.14      1.51         0      2.65        28       576     0.565      0.85      0.79     0.679      1.14     0.967         0
     22/24       12G      1.14      1.49         0      2.63        29       320     0.562     0.846     0.787     0.675      1.15     0.978         0
     23/24       12G      1.13      1.47         0       2.6        30       512     0.597     0.837     0.799     0.697      1.14     0.972         0
     24/24       12G      1.13      1.48         0      2.61        26       576     0.589     0.842     0.799     0.693      1.14     0.986         0
