      0/24       12G      1.53      2.12         0      3.65        31       384     0.475      0.86     0.766     0.612      1.32      1.08         0
      1/24       12G      1.34      1.89         0      3.23        18       384     0.466     0.862     0.762     0.605      1.26      1.06         0
      2/24       12G       1.3      1.81         0      3.11        11       384     0.522     0.854     0.781     0.648      1.23      1.03         0
      3/24       12G      1.27      1.73         0      2.99        12       320     0.538     0.848     0.784     0.658      1.22     0.999         0
      4/24       12G      1.25      1.69         0      2.95        42       448     0.548     0.853     0.787     0.667       1.2     0.975         0
      5/24       12G      1.23      1.65         0      2.89        17       640     0.593     0.838     0.793     0.694       1.2     0.948         0
      6/24       12G      1.23      1.63         0      2.85        13       448     0.541      0.85     0.781     0.661       1.2     0.968         0
      7/24       12G      1.21       1.6         0      2.81        12       384     0.567     0.845     0.786     0.679      1.19     0.965         0
      8/24       12G      1.21      1.59         0      2.79        20       384     0.566      0.85     0.792      0.68      1.17     0.956         0
      9/24       12G       1.2      1.59         0      2.79        10       640     0.589     0.842     0.796     0.693      1.17     0.949         0
     10/24       12G      1.19      1.57         0      2.76        32       448     0.564     0.849     0.792     0.678      1.17     0.958         0
     11/24       12G      1.19      1.57         0      2.76        19       448      0.56     0.846     0.791     0.674      1.17     0.969         0
     12/24       12G      1.18      1.55         0      2.72        26       576     0.583     0.842     0.796     0.689      1.16     0.963         0
     13/24       12G      1.17      1.54         0      2.72        28       640     0.571     0.848     0.796     0.682      1.15     0.954         0
     14/24       12G      1.17      1.55         0      2.71        12       384     0.559     0.846     0.787     0.673      1.15     0.965         0
     15/24       12G      1.16      1.49         0      2.65        11       384     0.551     0.853     0.789      0.67      1.16     0.964         0
     16/24       12G      1.15      1.51         0      2.67        21       512     0.583     0.844     0.797      0.69      1.14     0.967         0
     17/24       12G      1.16      1.52         0      2.68        28       640     0.566     0.853     0.796      0.68      1.15     0.955         0
     18/24       12G      1.15      1.52         0      2.67        27       640     0.566     0.849     0.795     0.679      1.15     0.964         0
     19/24       12G      1.15      1.51         0      2.65        16       448     0.584     0.846     0.801     0.691      1.14      0.96         0
     20/24       12G      1.14      1.49         0      2.63        22       640     0.561     0.849     0.792     0.676      1.14     0.983         0
     21/24       12G      1.14      1.51         0      2.65        28       576     0.555      0.85      0.79     0.672      1.14     0.976         0
     22/24       12G      1.13       1.5         0      2.63        29       320     0.558     0.847      0.79     0.673      1.14     0.982         0
     23/24       12G      1.13      1.47         0      2.61        30       512     0.591     0.839     0.797     0.693      1.14     0.976         0
     24/24       12G      1.13      1.47         0      2.61        26       576     0.575     0.841     0.797     0.683      1.14     0.984         0
