      0/39       12G      2.73      1.72         0      4.45        31       384     0.497     0.844     0.753     0.626       2.4     0.862         0
      1/39       12G      2.45      1.54         0      3.99        18       384      0.47     0.853     0.759     0.606       2.3     0.841         0
      2/39       12G      2.37      1.47         0      3.85        11       384     0.512     0.848     0.775     0.638      2.27     0.818         0
      3/39       12G      2.32       1.4         0      3.72        12       320     0.533     0.839     0.774     0.652      2.25     0.798         0
      4/39       12G      2.29      1.37         0      3.66        42       448     0.547     0.839     0.779     0.662      2.19     0.774         0
      5/39       12G      2.26      1.34         0       3.6        17       640     0.586     0.824     0.784     0.685      2.22     0.751         0
      6/39       12G      2.24      1.32         0      3.56        13       448     0.516     0.841     0.769      0.64      2.18     0.775         0
      7/39       12G      2.21       1.3         0      3.51        12       384     0.545     0.836     0.775      0.66      2.17      0.76         0
      8/39       12G      2.21       1.3         0      3.51        20       384     0.557     0.834     0.777     0.668      2.16     0.761         0
      9/39       12G      2.19      1.29         0      3.49        10       640     0.561     0.829     0.778     0.669      2.16     0.763         0
     10/39       12G      2.17      1.28         0      3.45        32       448     0.549     0.839     0.783     0.664      2.16     0.764         0
     11/39       12G      2.19       1.3         0      3.49        19       448      0.54     0.836     0.776     0.656      2.15     0.782         0
     12/39       12G      2.16      1.26         0      3.42        26       576     0.589     0.824     0.781     0.687      2.15     0.765         0
     13/39       12G      2.14      1.25         0      3.39        28       640     0.552     0.834      0.78     0.665      2.14      0.76         0
     14/39       12G      2.13      1.26         0      3.39        12       384     0.567     0.827     0.777     0.673      2.13     0.771         0
     15/39       12G      2.12      1.21         0      3.33        11       384     0.527      0.84     0.773     0.647      2.15     0.767         0
     16/39       12G      2.12      1.24         0      3.36        21       512     0.575     0.825      0.78     0.677      2.13     0.766         0
     17/39       12G      2.11      1.24         0      3.36        28       640     0.559     0.839     0.783     0.671      2.12     0.761         0
     18/39       12G      2.11      1.25         0      3.36        27       640     0.568     0.827     0.776     0.673      2.15     0.764         0
     19/39       12G       2.4      1.42         0      3.82        16       448     0.586     0.805     0.768     0.678       2.2     0.774         0
     20/39       12G      2.21      1.28         0      3.49        22       640     0.554     0.821      0.77     0.661      2.19      0.79         0
     21/39       12G      2.17      1.28         0      3.45        28       576     0.564     0.819     0.766     0.668      2.15     0.771         0
     22/39       12G      2.15      1.26         0       3.4        29       320     0.549     0.825     0.765     0.659      2.17     0.781         0
     23/39       12G      2.14      1.24         0      3.38        30       512     0.578     0.817     0.778     0.677      2.16     0.773         0
     24/39       12G      2.15      1.25         0       3.4        26       576     0.581     0.807     0.764     0.676       2.2      0.79         0
     25/39       12G      2.14      1.24         0      3.38        13       320     0.566     0.804     0.763     0.664       2.2     0.796         0
     26/39       12G      2.15      1.25         0      3.41         8       448     0.577     0.811     0.769     0.674      2.18      0.78         0
     27/39       12G      2.21      1.28         0      3.49        28       576     0.554     0.784      0.74     0.649      2.29     0.822         0
     28/39       12G      2.72       1.6         0      4.33        20       384     0.537     0.728      0.69     0.618      2.54     0.868         0
     29/39       12G      2.77      1.65         0      4.42        19       640     0.557     0.693     0.668     0.617      2.62     0.897         0
     30/39       12G      2.71      1.62         0      4.33        14       448     0.535     0.581     0.561     0.557      3.09      1.04         0
