      0/39     10.6G       3.4      2.17         0      5.57        31       384     0.456     0.858     0.751     0.596      2.55     0.861         0
      1/39     10.6G      2.54      1.57         0      4.11        18       384     0.459     0.861     0.761     0.598      2.33     0.834         0
      2/39     10.6G      2.43       1.5         0      3.93        11       384     0.498     0.851     0.769     0.628      2.35     0.818         0
      3/39     10.6G      2.35      1.42         0      3.77        12       320     0.522     0.844     0.775     0.645      2.27     0.793         0
      4/39     10.6G      2.29      1.39         0      3.68        42       448     0.527     0.849      0.78      0.65      2.19     0.775         0
      5/39     10.6G      2.24      1.34         0      3.58        17       640     0.585     0.835      0.79     0.688      2.18     0.744         0
      6/39     10.6G      2.21      1.32         0      3.53        13       448     0.525     0.846     0.777     0.648      2.17     0.762         0
      7/39     10.6G      2.18      1.29         0      3.47        12       384      0.54     0.844     0.778     0.659      2.13     0.752         0
      8/39     10.6G      2.15      1.28         0      3.43        20       384     0.535     0.851     0.783     0.657      2.11     0.753         0
      9/39     10.6G      2.13      1.28         0      3.41        10       640     0.563     0.844     0.788     0.675       2.1     0.747         0
     10/39     10.6G       2.1      1.26         0      3.36        32       448     0.555     0.848     0.788     0.671       2.1     0.752         0
     11/39     10.6G       2.1      1.26         0      3.36        19       448     0.542     0.848     0.786     0.662      2.09     0.767         0
     12/39     10.6G      2.07      1.23         0      3.31        26       576     0.558     0.842      0.79     0.671      2.09     0.757         0
     13/39     10.6G      2.06      1.23         0      3.28        28       640     0.552     0.848      0.79     0.669      2.06     0.748         0
     14/39     10.6G      2.04      1.23         0      3.27        12       384     0.546     0.847     0.784     0.664      2.06     0.761         0
     15/39     10.6G      2.02      1.18         0       3.2        11       384     0.532     0.849     0.784     0.654      2.05     0.756         0
     16/39     10.6G      2.01      1.19         0       3.2        21       512     0.571     0.845     0.795     0.682      2.04     0.753         0
     17/39     10.6G         2       1.2         0       3.2        28       640     0.547     0.852     0.794     0.666      2.03     0.748         0
     18/39     10.6G      1.99      1.19         0      3.18        27       640     0.552     0.849     0.791     0.669      2.03     0.746         0
     19/39     10.6G      1.97      1.18         0      3.15        16       448     0.579     0.844       0.8     0.687      2.02     0.742         0
     20/39     10.6G      1.96      1.16         0      3.13        22       640     0.544     0.852     0.791     0.664      2.02     0.764         0
     21/39     10.6G      1.96      1.17         0      3.13        28       576     0.544     0.851     0.788     0.663      2.01     0.753         0
     22/39     10.6G      1.94      1.16         0      3.09        29       320     0.551     0.852     0.788     0.669      2.02     0.762         0
     23/39     10.6G      1.93      1.14         0      3.06        30       512     0.581     0.846     0.798     0.689      2.01     0.751         0
     24/39     10.6G      1.92      1.13         0      3.05        26       576     0.566      0.85     0.797     0.679         2     0.759         0
     25/39     10.6G       1.9      1.12         0      3.02        13       320     0.556     0.847     0.792     0.672         2      0.76         0
     26/39     10.6G      1.89      1.11         0         3         8       448      0.59     0.844     0.797     0.694      1.98     0.754         0
     27/39     10.6G      1.88       1.1         0      2.98        28       576     0.569     0.852       0.8     0.682      1.98     0.757         0
     28/39     10.6G      1.88      1.09         0      2.97        20       384     0.563     0.853     0.798     0.679      1.98     0.762         0
     29/39     10.6G      1.87      1.09         0      2.96        19       640     0.574     0.851     0.799     0.685      1.98     0.759         0
     30/39     10.6G      1.86       1.1         0      2.96        14       448      0.56      0.85     0.796     0.675      1.98     0.773         0
     31/39     10.6G      1.86       1.1         0      2.95        38       320     0.549     0.853     0.793     0.668      1.98     0.776         0
     32/39     10.6G      1.85      1.09         0      2.94        39       384     0.546     0.851     0.792     0.666      1.98     0.775         0
     33/39     10.6G      1.85      1.09         0      2.93        22       320     0.528     0.856     0.788     0.653      1.98     0.779         0
     34/39     10.6G      1.84      1.06         0      2.89         9       640     0.584      0.85     0.803     0.692      1.96     0.752         0
     35/39     10.6G      1.84      1.08         0      2.92         8       320     0.545     0.856     0.792     0.666      1.96     0.768         0
     36/39     10.6G      1.83      1.07         0       2.9        11       640     0.567     0.852     0.799     0.681      1.97     0.766         0
     37/39     10.6G      1.82      1.05         0      2.87        11       320     0.549     0.857     0.794     0.669      1.96     0.775         0
     38/39     10.6G      1.82      1.07         0      2.89        19       640     0.555     0.854     0.797     0.673      1.96      0.77         0
     39/39     10.6G      1.82      1.06         0      2.88        21       320     0.569     0.853       0.8     0.682      1.96      0.76         0
