      0/24       12G      2.72      1.67         0      4.39        31       384     0.469     0.849     0.752     0.604      2.43      0.83         0
      1/24       12G      2.42      1.49         0      3.91        18       384     0.467     0.853     0.755     0.604      2.25     0.817         0
      2/24       12G      2.33      1.42         0      3.76        11       384     0.508     0.848     0.771     0.636      2.22     0.791         0
      3/24       12G      2.29      1.36         0      3.64        12       320     0.529     0.838      0.77     0.649      2.19     0.775         0
      4/24       12G      2.26      1.33         0      3.59        42       448     0.539     0.839     0.775     0.657      2.18     0.753         0
      5/24       12G      2.22       1.3         0      3.52        17       640     0.592     0.826     0.787      0.69      2.17     0.727         0
      6/24       12G      2.21      1.28         0      3.49        13       448     0.524     0.835     0.767     0.644      2.15     0.759         0
      7/24       12G      2.19      1.27         0      3.46        12       384     0.549     0.831     0.772     0.661      2.14      0.74         0
      8/24       12G       2.2      1.27         0      3.47        20       384     0.551     0.835     0.776     0.664      2.15     0.738         0
      9/24       12G      2.18      1.26         0      3.44        10       640     0.558     0.827     0.771     0.667      2.14     0.743         0
     10/24       12G      2.15      1.24         0      3.39        32       448     0.562     0.834     0.781     0.671       2.1     0.739         0
     11/24       12G      2.14      1.24         0      3.38        19       448      0.55     0.837     0.777     0.664       2.1     0.748         0
     12/24       12G      2.13      1.23         0      3.36        26       576     0.586     0.816     0.776     0.682       2.1     0.743         0
     13/24       12G      2.12      1.22         0      3.34        28       640     0.567     0.835     0.779     0.675      2.08     0.729         0
     14/24       12G      2.11      1.23         0      3.33        12       384     0.544     0.838     0.776     0.659       2.1     0.746         0
     15/24       12G      2.22      1.27         0      3.49        11       384     0.545     0.809     0.754     0.651      2.21     0.766         0
     16/24       12G       2.2      1.26         0      3.45        21       512     0.572     0.792     0.749     0.664      2.23     0.772         0
     17/24       12G      2.23      1.29         0      3.52        28       640     0.564     0.744     0.708     0.642      2.41     0.832         0
     18/24       12G      2.49      1.45         0      3.94        27       640     0.568     0.724     0.687     0.637      2.47     0.834         0
     19/24       12G      2.44      1.41         0      3.85        16       448     0.578     0.762     0.728     0.658      2.32     0.787         0
     20/24       12G      2.38      1.36         0      3.74        22       640     0.537      0.78     0.727     0.636      2.31     0.795         0
     21/24       12G      2.34      1.36         0       3.7        28       576     0.554     0.768     0.721     0.644      2.31     0.798         0
     22/24       12G      2.35      1.36         0       3.7        29       320     0.527     0.777     0.721     0.628      2.33     0.803         0
     23/24       12G      2.33      1.32         0      3.65        30       512      0.58     0.771     0.737     0.662      2.28      0.78         0
     24/24       12G      2.31      1.31         0      3.62        26       576     0.549     0.784     0.741     0.646      2.28     0.783         0
