      0/24       12G      3.06      1.84         0       4.9        31       384      0.46     0.852     0.745     0.598      2.53     0.846         0
      1/24       12G      2.56      1.56         0      4.12        18       384     0.455     0.857     0.747     0.594      2.37     0.812         0
      2/24       12G      2.46      1.48         0      3.95        11       384     0.508     0.848     0.763     0.635      2.33     0.782         0
      3/24       12G      2.41      1.41         0      3.81        12       320     0.518     0.846     0.765     0.642      2.32     0.763         0
      4/24       12G      2.38      1.38         0      3.76        42       448     0.537     0.846     0.775     0.657      2.23     0.741         0
      5/24       12G      2.34      1.35         0      3.69        17       640     0.571     0.834      0.78     0.678      2.22     0.719         0
      6/24       12G      2.33      1.33         0      3.66        13       448     0.537     0.847     0.774     0.657      2.22     0.725         0
      7/24       12G       2.3      1.31         0      3.61        12       384     0.553     0.843     0.777     0.668      2.18     0.722         0
      8/24       12G      2.29       1.3         0      3.59        20       384     0.561     0.845     0.784     0.674      2.17     0.716         0
      9/24       12G      2.27      1.31         0      3.58        10       640     0.581     0.839     0.788     0.687      2.17     0.714         0
     10/24       12G      2.25      1.29         0      3.54        32       448     0.571     0.841     0.784      0.68      2.17     0.712         0
     11/24       12G      2.25       1.3         0      3.55        19       448     0.561     0.846     0.787     0.674      2.18     0.716         0
     12/24       12G      2.23      1.28         0      3.51        26       576      0.58     0.839     0.791     0.686      2.16     0.711         0
     13/24       12G      2.23      1.27         0       3.5        28       640     0.569     0.844     0.788      0.68      2.13      0.71         0
     14/24       12G      2.22      1.28         0       3.5        12       384     0.561     0.847     0.787     0.675      2.16     0.712         0
     15/24       12G       2.2      1.24         0      3.44        11       384     0.556     0.849     0.786     0.672      2.13     0.709         0
     16/24       12G      2.19      1.26         0      3.45        21       512     0.582     0.842     0.792     0.688      2.11     0.706         0
     17/24       12G       2.2      1.27         0      3.46        28       640     0.574     0.846      0.79     0.684      2.11     0.704         0
     18/24       12G      2.19      1.27         0      3.46        27       640     0.565     0.847     0.789     0.678       2.1     0.707         0
     19/24       12G      2.18      1.26         0      3.43        16       448     0.575     0.845     0.795     0.685       2.1     0.705         0
     20/24       12G      2.17      1.25         0      3.42        22       640     0.553      0.85      0.79      0.67       2.1     0.705         0
     21/24       12G      2.17      1.26         0      3.43        28       576     0.564     0.846     0.789     0.677      2.09     0.706         0
     22/24       12G      2.16      1.25         0      3.41        29       320     0.556      0.85     0.789     0.672       2.1     0.709         0
     23/24       12G      2.16      1.23         0      3.39        30       512     0.575     0.845     0.797     0.684      2.07     0.701         0
     24/24       12G      2.15      1.24         0      3.39        26       576     0.577     0.845     0.796     0.686      2.12     0.703         0
