     0.566      0.844      0.786      0.678        1.2      0.966          0       1.98       38.3      0.936       95.7       1.09      0.264   0.000615      5e-06      0.844          1   0.000659          0     0.0121      0.277       0.27          0          0          0          0
     0.539      0.854      0.785      0.661       1.09      0.878          0       1.79       47.1      0.858       78.3        1.2      0.243   0.000574      5e-06      0.823          1   0.000988          0     0.0118      0.265      0.338          0          0          0          0
     0.545       0.85      0.785      0.664       1.31      0.993          0       2.18       38.3      0.842       90.3       1.27       0.27   0.000593      5e-06      0.855          1   0.000649          0     0.0119      0.293      0.212          0          0          0          0
     0.583      0.837      0.785      0.688       1.23      0.837          0       2.04       52.6      0.787       87.8      0.969      0.257   0.000691      5e-06      0.854          1   0.000967          0     0.0111      0.277      0.336          0          0          0          0
     0.699      0.781      0.785      0.738       1.36      0.708          0       2.26       42.9       0.84        116      0.536      0.273   0.000457      5e-06      0.862          1   0.000501          0     0.0132      0.356      0.174          0          0          0          0
     0.546      0.849      0.784      0.664        1.3      0.822          0       2.16       43.1      0.942       78.7       1.22      0.281   0.000537      5e-06       0.88          1   0.000623          0     0.0117      0.297      0.215          0          0          0          0
     0.586      0.835      0.784      0.689       1.16      0.978          0       1.93       45.5       1.08        111          1      0.296   0.000614      5e-06      0.839          1   0.000603          0     0.0103      0.269      0.241          0          0          0          0
      0.52      0.855      0.783      0.647       1.41      0.908          0       2.35       43.8      0.946       80.4       1.33       0.27   0.000502      5e-06      0.874          1   0.000607          0     0.0123      0.297      0.215          0          0          0          0
     0.523      0.852      0.783      0.648       1.35      0.853          0       2.26       41.3      0.908       73.9        1.4      0.277   0.000508      5e-06      0.883          1   0.000678          0     0.0117      0.277      0.229          0          0          0          0
     0.539      0.849      0.783      0.659       1.46      0.647          0       2.47       40.3      0.948       60.6       1.26       0.28   0.000663      5e-06       0.88          1   0.000569          0     0.0126      0.316      0.205          0          0          0          0
     0.565      0.843      0.783      0.677       1.28      0.844          0       2.16       38.4      0.904       89.7        1.1      0.296   0.000636      5e-06      0.858          1   0.000656          0     0.0106      0.257      0.208          0          0          0          0
     0.554      0.842      0.783      0.669       1.68       0.64          0       2.89       46.9      0.912       66.3       1.17      0.302   0.000683      5e-06      0.886          1   0.000529          0     0.0106      0.424      0.309          0          0          0          0
     0.557      0.846      0.782      0.672       1.15       1.01          0       1.87       38.7          1       90.5       1.12      0.231   0.000583      5e-06      0.824          1   0.000588          0     0.0131      0.288      0.276          0          0          0          0
     0.555      0.844      0.781       0.67       1.22       1.16          0       2.01       28.1       1.02        110       1.13      0.259   0.000616      5e-06      0.855          1   0.000618          0     0.0122      0.273      0.238          0          0          0          0
     0.539      0.847      0.781      0.659        1.8      0.812          0       3.01         43      0.787       70.1       1.17      0.233   0.000665      5e-06        0.9          1   0.000475          0     0.0111      0.462      0.391          0          0          0          0
     0.564       0.84      0.781      0.675       1.71      0.816          0       2.83       32.4      0.811       72.8       1.03      0.212   0.000546      5e-06      0.893          1   0.000475          0     0.0126      0.364      0.419          0          0          0          0
     0.599      0.828      0.781      0.695       1.78       0.62          0       3.01       56.3      0.787       70.1      0.914      0.272   0.000672      5e-06      0.882          1   0.000557          0     0.0118      0.384      0.413          0          0          0          0
     0.528      0.852       0.78      0.652        1.8      0.811          0       3.01       43.1      0.787       70.1       1.17      0.233   0.000663      5e-06        0.9          1   0.000475          0     0.0111      0.463      0.393          0          0          0          0
     0.545      0.846       0.78      0.663       2.09       0.83          0       3.47       43.2       1.11       70.1       1.06        0.2   0.000525      5e-06        0.9          1   0.000521          0     0.0138      0.672      0.426          0          0          0          0
     0.563      0.839       0.78      0.674       1.67      0.631          0       2.86       47.6      0.904       67.6       1.17      0.316   0.000683      5e-06      0.886          1   0.000518          0     0.0105      0.389      0.304          0          0          0          0
     0.563      0.838       0.78      0.674       1.69      0.613          0       2.93       45.4      0.912       68.7       1.13      0.323   0.000676      5e-06      0.883          1   0.000508          0     0.0106      0.424      0.297          0          0          0          0
     0.494       0.86      0.779      0.628       1.82      0.838          0       3.08       42.7      0.784       67.5       1.47      0.268   0.000778      5e-06      0.891          1   0.000475          0     0.0117      0.415       0.37          0          0          0          0
     0.528       0.85      0.779      0.651       1.82      0.869          0       3.02       39.3      0.789       70.1       1.12      0.203   0.000727      5e-06      0.909          1    0.00041          0     0.0102      0.425      0.327          0          0          0          0
     0.558      0.841      0.779      0.671       1.67      0.831          0       2.82       47.9      0.852       79.1       1.08      0.252   0.000699      5e-06        0.9          1   0.000452          0    0.00931      0.482      0.391          0          0          0          0
     0.545      0.846      0.778      0.663       1.44      0.829          0       2.45       52.4      0.849       83.1       1.19      0.298   0.000565      5e-06      0.906          1   0.000529          0    0.00936      0.484      0.271          0          0          0          0
     0.558       0.84      0.778      0.671       2.35       0.71          0       3.89       50.2       1.07       60.6      0.979      0.182   0.000662      5e-06      0.873          1   0.000519          0     0.0134      0.672      0.357          0          0          0          0
     0.587      0.826      0.778      0.686       1.77      0.739          0       2.94       51.8      0.839       76.8      0.865       0.23   0.000746      5e-06        0.9          1   0.000376          0     0.0111      0.574      0.421          0          0          0          0
     0.544      0.846      0.777      0.662       1.72      0.802          0       2.87       41.4       0.82       70.1       1.18      0.241   0.000632      5e-06      0.908          1   0.000529          0     0.0113      0.482      0.428          0          0          0          0
     0.539      0.843      0.777      0.658       1.79      0.831          0          3       43.1      0.791       71.1       1.19      0.236   0.000665      5e-06        0.9          1   0.000475          0     0.0111      0.462      0.391          0          0          0          0
     0.555      0.838      0.775      0.668       2.19      0.771          0       3.61       39.1       1.01       65.7      0.983      0.191   0.000994      5e-06      0.898          1   0.000454          0     0.0134      0.672      0.335          0          0          0          0
     0.546      0.838      0.774      0.661       2.16      0.786          0       3.52       39.1      0.995       68.7      0.983      0.202   0.000971      5e-06      0.893          1   0.000448          0     0.0135      0.681       0.33          0          0          0          0
      0.55      0.836      0.774      0.663       2.15      0.724          0       3.56       41.1      0.978       61.7          1      0.192    0.00094      5e-06      0.898          1   0.000483          0     0.0122       0.69      0.369          0          0          0          0
     0.559      0.835      0.774      0.669       2.17      0.771          0       3.58       39.1          1       66.8      0.971      0.194   0.000994      5e-06        0.9          1   0.000442          0     0.0132      0.676      0.343          0          0          0          0
     0.564      0.832      0.774      0.672       2.63      0.798          0       4.28         34       1.04       61.2      0.849      0.115   0.000784      5e-06      0.878          1   0.000554          0     0.0152      0.811      0.322          0          0          0          0
     0.592      0.825      0.774      0.689       2.25       0.68          0       3.76       43.6        1.1       66.8      0.803      0.192   0.000904      5e-06      0.884          1   0.000534          0     0.0128      0.732       0.35          0          0          0          0
     0.542      0.843      0.773       0.66       2.04      0.545          0       3.41         48       1.05       48.2       1.06      0.217   0.000759      5e-06      0.895          1   0.000491          0     0.0132      0.672      0.373          0          0          0          0
     0.533      0.842      0.773      0.653       1.82      0.972          0       3.02         43      0.739         83       1.15      0.233   0.000738      5e-06      0.912          1   0.000389          0    0.00917      0.495      0.347          0          0          0          0
     0.541      0.839      0.773      0.658       1.97      0.883          0       3.22       35.7       1.15       71.6       1.04      0.188   0.000891      5e-06      0.897          1   0.000404          0     0.0126      0.728      0.352          0          0          0          0
     0.549      0.837      0.773      0.663       2.18      0.732          0       3.61       42.9       1.02       62.8      0.983       0.19   0.000995      5e-06      0.897          1   0.000454          0      0.014      0.643      0.324          0          0          0          0
     0.553      0.835      0.772      0.665       2.17      0.769          0       3.58         39          1       66.8      0.969      0.195   0.000991      5e-06      0.901          1   0.000442          0     0.0131      0.677      0.344          0          0          0          0
     0.543      0.833      0.772      0.657       2.19      0.779          0       3.61         39       1.03       67.8      0.948      0.192   0.000985      5e-06      0.898          1    0.00046          0     0.0134      0.674       0.33          0          0          0          0
     0.595       0.82      0.772       0.69       2.63      0.586          0       4.48         37      0.847       66.8       0.87      0.269   0.000763      5e-06      0.894          1   0.000494          0     0.0132      0.721      0.316          0          0          0          0
     0.605      0.817      0.772      0.695       1.93      0.707          0       3.23       38.8      0.808       76.3      0.824      0.235   0.000951      5e-06      0.905          1   0.000464          0     0.0184      0.754       0.39          0          0          0          0
     0.546      0.839      0.771      0.661       2.16      0.748          0       3.58       37.4       1.01       63.8       1.01      0.199      0.001      5e-06        0.9          1   0.000482          0     0.0135       0.67      0.357          0          0          0          0
     0.527       0.84       0.77      0.648       2.19      0.892          0       3.61         41       1.07         73       1.03      0.191    0.00104      5e-06      0.895          1   0.000461          0     0.0145      0.691       0.36          0          0          0          0
     0.546      0.838       0.77      0.661       2.17       0.83          0       3.58         38      0.987       71.1      0.994      0.198   0.000996      5e-06      0.899          1   0.000465          0     0.0138      0.675      0.355          0          0          0          0
     0.549      0.833       0.77      0.662       2.21      0.753          0       3.64       38.9       1.03       62.5      0.949      0.171    0.00103      5e-06      0.898          1   0.000466          0     0.0133      0.683      0.322          0          0          0          0
     0.536      0.838      0.769      0.654       2.39      0.793          0       3.95       34.7        0.9       66.1       1.01      0.191   0.000965      5e-06      0.898          1   0.000463          0     0.0134      0.727      0.341          0          0          0          0
     0.552      0.831      0.769      0.663       2.23      0.771          0       3.69       39.8      0.998       63.9      0.984      0.183   0.000983      5e-06      0.898          1   0.000457          0     0.0137      0.672      0.335          0          0          0          0
     0.561      0.829      0.769      0.669       2.24      0.673          0       3.72       39.1       0.97       61.8      0.859      0.187   0.000999      5e-06      0.896          1   0.000462          0     0.0134      0.686      0.324          0          0          0          0
     0.558      0.828      0.769      0.667       2.21      0.762          0       3.63       39.7       1.01         66      0.974      0.195   0.000984      5e-06      0.897          1    0.00045          0     0.0136      0.685      0.334          0          0          0          0
     0.539      0.835      0.767      0.655       2.18        0.7          0       3.61       40.7      0.927       56.3       1.08      0.191    0.00101      5e-06      0.904          1   0.000496          0     0.0161      0.709      0.404          0          0          0          0
     0.542      0.832      0.767      0.656       2.12      0.879          0       3.47       37.7       1.15       72.7       1.06      0.206    0.00107      5e-06      0.903          1   0.000507          0     0.0122      0.723      0.335          0          0          0          0
      0.54      0.831      0.767      0.655       2.48      0.851          0       4.05       39.1       1.11         70      0.921      0.163    0.00111      5e-06      0.898          1   0.000396          0     0.0134      0.747       0.35          0          0          0          0
     0.513      0.844      0.765      0.638       2.57      0.908          0       4.18       52.3      0.854       61.8       1.14      0.148    0.00111      5e-06      0.898          1   0.000519          0     0.0153      0.633      0.284          0          0          0          0
     0.549      0.828      0.765       0.66       2.73      0.699          0        4.5       43.6       1.18         63      0.876      0.185    0.00117      5e-06      0.898          1   0.000453          0      0.013      0.672      0.351          0          0          0          0
     0.515      0.835       0.76      0.637       1.83      0.754          0          3       46.4        1.4       57.5       1.15      0.198    0.00128      5e-06      0.928          1   0.000523          0    0.00934      0.851      0.384          0          0          0          0
         0          0     0.0059          0     0.0201    0.00573          0       3.54       37.4          1       64.3          1        0.2      0.001      5e-06        0.9          1   0.000484          0     0.0138      0.678       0.36          0          0          0          0
