      0/24     10.6G      2.02      2.79         0      4.82        31       384     0.437     0.861     0.751      0.58      1.41      1.11         0
      1/24     10.6G      1.41      1.95         0      3.36        18       384     0.453     0.866     0.759     0.595      1.29      1.06         0
      2/24     10.6G      1.33      1.85         0      3.18        11       384      0.51      0.86     0.781      0.64      1.26      1.03         0
      3/24     10.6G      1.28      1.75         0      3.03        12       320      0.52     0.858     0.784     0.648      1.22     0.995         0
      4/24     10.6G      1.26      1.71         0      2.96        42       448     0.533     0.858     0.789     0.657       1.2     0.975         0
      5/24     10.6G      1.23      1.66         0      2.89        17       640     0.581     0.842     0.795     0.687      1.19     0.944         0
      6/24     10.6G      1.22      1.63         0      2.85        13       448      0.53     0.854     0.785     0.654      1.18     0.964         0
      7/24     10.6G       1.2       1.6         0       2.8        12       384     0.552     0.854      0.79      0.67      1.18     0.954         0
      8/24     10.6G      1.19      1.58         0      2.77        20       384     0.558     0.853     0.794     0.674      1.15     0.953         0
      9/24     10.6G      1.18      1.58         0      2.76        10       640     0.584     0.848     0.799     0.692      1.15     0.942         0
     10/24     10.6G      1.17      1.56         0      2.73        32       448     0.561     0.852     0.796     0.677      1.15     0.949         0
     11/24     10.6G      1.16      1.56         0      2.72        19       448     0.551     0.853     0.795      0.67      1.14     0.955         0
     12/24     10.6G      1.15      1.53         0      2.68        26       576     0.583     0.849     0.802     0.691      1.13     0.947         0
     13/24     10.6G      1.15      1.52         0      2.67        28       640      0.57     0.855     0.802     0.684      1.13     0.939         0
     14/24     10.6G      1.14      1.52         0      2.66        12       384     0.552     0.858     0.795     0.672      1.13     0.949         0
     15/24     10.6G      1.13      1.47         0      2.59        11       384     0.543     0.859     0.794     0.665      1.13      0.95         0
     16/24     10.6G      1.12      1.49         0      2.61        21       512     0.577     0.855     0.804     0.689      1.12     0.945         0
     17/24     10.6G      1.12       1.5         0      2.62        28       640     0.568     0.859     0.803     0.683      1.11     0.935         0
     18/24     10.6G      1.12      1.49         0      2.61        27       640      0.56     0.856     0.801     0.677      1.11     0.941         0
     19/24     10.6G      1.11      1.47         0      2.59        16       448      0.58     0.853     0.806     0.691      1.11     0.938         0
     20/24     10.6G      1.11      1.46         0      2.57        22       640      0.55     0.859     0.798     0.671      1.11     0.946         0
     21/24     10.6G      1.11      1.48         0      2.59        28       576     0.555     0.859       0.8     0.674      1.11     0.944         0
     22/24     10.6G       1.1      1.47         0      2.57        29       320     0.548     0.859     0.799     0.669      1.11     0.954         0
     23/24     10.6G       1.1      1.45         0      2.55        30       512     0.582     0.854     0.808     0.692       1.1     0.934         0
     24/24     10.6G       1.1      1.45         0      2.56        26       576     0.577     0.855     0.806     0.689       1.1     0.939         0
