     0.555      0.817      0.756      0.661       2.45      0.721          0       3.61       40.3       1.01       54.9      0.993      0.169    0.00116      5e-06      0.895          1   0.000418          0     0.0138      0.672      0.347       11.4     0.0931        0.1       2.75
     0.522      0.826      0.755       0.64       2.29      0.625          0       3.34       40.3       1.08       42.5       1.03      0.138    0.00117      5e-06      0.909          1   0.000398          0     0.0135      0.684      0.391       10.6     0.0931      0.114       2.77
     0.555      0.818      0.754      0.661       2.47      0.715          0       3.59       40.4       1.02       55.1       0.98      0.169    0.00116      5e-06      0.893          1   0.000422          0      0.014      0.663      0.349       11.2      0.093     0.0999       2.76
     0.543      0.823      0.753      0.654       2.45      0.693          0       3.63       39.4       1.03       54.1      0.958      0.169    0.00116      5e-06      0.895          1   0.000416          0      0.014      0.653      0.345       11.9      0.092      0.103       2.79
     0.551      0.817      0.753      0.658        2.4      0.907          0       3.49       39.8      0.929       69.2      0.981      0.167   0.000848      5e-06      0.909          1    0.00044          0     0.0173      0.786      0.316       12.5     0.0704      0.113       1.81
     0.544      0.817      0.753      0.653       2.53      0.798          0       3.69       39.8      0.998       63.9      0.984      0.183   0.000983      5e-06      0.898          1   0.000457          0     0.0137      0.672      0.335         10        0.1        0.1          3
     0.523      0.821      0.752      0.639       2.58      0.889          0       3.76       38.4       1.01       62.1        1.1      0.161   0.000971      5e-06      0.879          1   0.000366          0     0.0132      0.651      0.347       9.47      0.104      0.108       3.18
     0.576      0.811      0.751      0.674       2.45      0.578          0       3.59       45.6      0.997       49.7      0.829      0.169    0.00111      5e-06      0.898          1     0.0004          0     0.0138      0.731      0.328       12.3     0.0927      0.102       2.93
     0.583      0.803      0.751      0.675       2.54      0.864          0       3.61       32.5       1.03       67.1      0.877      0.146    0.00116      5e-06        0.9          1   0.000325          0     0.0138      0.672      0.347       11.2     0.0495      0.119       2.69
     0.576      0.805       0.75      0.672       2.49      0.598          0       3.69       37.3      0.873       50.8      0.845      0.169    0.00137      5e-06      0.882          1   0.000462          0     0.0135      0.504      0.397       12.1     0.0931     0.0925       2.96
     0.549      0.818      0.749      0.657       2.47      0.732          0        3.7       40.3       1.03       55.7      0.991      0.169    0.00116      5e-06      0.895          1   0.000417          0     0.0135      0.655      0.354       11.3     0.0934      0.101       2.75
     0.542      0.815      0.749      0.651       2.41      0.744          0       3.51       39.8      0.992       55.7      0.993      0.167    0.00116      5e-06      0.899          1    0.00042          0     0.0141      0.666      0.343       11.6     0.0939     0.0991       2.69
     0.533      0.819      0.747      0.645       2.48      0.719          0       3.61       39.7      0.979       54.4          1       0.17     0.0011      5e-06      0.894          1    0.00041          0     0.0137       0.69      0.347         11     0.0976     0.0997       2.88
     0.539      0.815      0.746      0.649       2.57      0.676          0       3.75       47.8       1.16       54.9      0.954      0.187    0.00134      5e-06      0.898          1   0.000401          0     0.0138      0.841      0.376       12.5      0.103      0.102       2.58
     0.531      0.814      0.746      0.643       2.47      0.705          0       3.63       30.6       1.28       49.8      0.998      0.144    0.00139      5e-06      0.881          1   0.000472          0    0.00983      0.706      0.395       10.7     0.0869      0.124       1.63
     0.537      0.811      0.743      0.646       2.63      0.709          0       3.87       39.6       1.24       54.9      0.925      0.164    0.00132      5e-06      0.898          1   0.000471          0     0.0144      0.648      0.327       13.1     0.0976     0.0919       2.55
     0.515      0.827      0.742      0.634       2.38       0.73          0       3.47       43.2       1.06       55.1      0.963      0.161    0.00117      5e-06       0.89          1    0.00046          0      0.014      0.624      0.339       11.6      0.103        0.1        2.8
     0.533      0.813      0.742      0.644       2.45      0.762          0       3.59       40.3       1.04       57.9      0.993      0.173    0.00111      5e-06      0.892          1   0.000447          0     0.0141      0.647      0.371       12.2     0.0939      0.096       2.69
     0.536      0.809      0.742      0.644       2.63      0.677          0       3.77       36.6       1.02       51.5      0.993       0.17    0.00116      5e-06      0.889          1   0.000393          0     0.0158      0.665      0.334       11.4      0.104     0.0925       2.92
     0.498       0.82      0.741       0.62       2.76      0.777          0          4       38.7       1.06       48.5       1.07      0.125    0.00127      5e-06      0.906          1   0.000357          0     0.0136      0.731      0.336       11.4      0.109      0.104       2.42
     0.544      0.808      0.741       0.65       2.74      0.751          0       3.96       42.4      0.975       57.6      0.993      0.175    0.00109      5e-06      0.891          1   0.000375          0     0.0143      0.662      0.305       11.4     0.0959      0.108       2.65
     0.552      0.806      0.738      0.655       2.95      0.665          0       4.34       40.3       1.04       53.6      0.932       0.18    0.00121      5e-06      0.895          1   0.000364          0     0.0131      0.672      0.298       11.2     0.0928      0.103        2.6
     0.474      0.827      0.737      0.603       1.97       1.36          0       2.76       33.1       1.06       73.6       1.47      0.151    0.00103      5e-06      0.925          1    0.00049          0     0.0144      0.672      0.347       11.4      0.106     0.0889       2.75
