      0/24     4.24G      4.75      11.4      4.42      20.5        26       192     0.152     0.105    0.0718     0.115      4.67       3.5      4.18
      1/24     4.27G      3.54      7.66      3.49      14.7        28       128     0.228     0.482     0.286     0.306      3.91      3.18      3.24
      2/24     4.27G      3.36      7.38      2.43      13.2        28       128     0.343     0.587     0.462     0.428      3.81      2.98      2.43
      3/24     4.27G      3.24      7.31      1.76      12.3        35       256     0.447      0.62     0.543     0.515      3.69      2.78      1.87
      4/24     4.27G      3.14      7.22      1.43      11.8        29       128     0.457     0.698     0.619     0.548      3.51      2.73      1.56
      5/24     4.27G      3.07      7.04      1.27      11.4        29       256      0.51      0.68     0.619     0.578      3.57      2.66      1.45
      6/24     4.27G      3.01      6.86      1.16        11        33       128     0.542     0.713     0.672     0.615      3.38      2.54      1.37
      7/24     4.27G      2.97       6.9       1.1        11        27       128     0.578     0.713     0.679     0.636       3.4      2.45      1.28
      8/24     4.27G      2.95      6.94      1.06      10.9        26       192     0.577     0.727     0.692     0.638      3.37      2.48      1.23
      9/24     4.27G      2.93      6.96      1.02      10.9        29       256      0.58      0.74     0.696     0.647      3.33      2.44      1.17
     10/24     4.27G       2.9      6.76     0.986      10.6        27       128     0.569     0.741     0.688      0.64      3.33      2.54      1.13
     11/24     4.27G      2.88      6.93     0.954      10.8        32       128     0.589     0.741       0.7     0.654       3.3      2.51      1.09
     12/24     4.27G      2.85      6.83     0.927      10.6        24       256     0.581     0.727     0.681     0.644      3.33      2.48      1.08
     13/24     4.27G      2.84       6.8     0.901      10.5        25       256     0.576     0.764     0.715     0.655      3.31      2.51      1.03
     14/24     4.27G      2.81      6.75     0.886      10.4        21       256     0.604     0.752      0.71     0.669      3.32      2.46      1.03
     15/24     4.27G      2.79      6.81     0.863      10.5        27       192     0.617      0.77     0.732     0.684      3.27      2.45      1.03
     16/24     4.27G      2.78      6.74     0.857      10.4        34       128     0.615     0.761     0.727      0.68      3.29      2.44      1.03
     17/24     4.27G      2.78       6.8     0.835      10.4        29       192     0.612     0.765     0.725      0.68      3.26      2.45     0.981
     18/24     4.27G      2.76      6.73     0.818      10.3        23       256     0.616     0.753     0.715     0.678      3.34      2.46     0.981
     19/24     4.27G      2.74      6.64       0.8      10.2        32       256     0.619     0.762     0.722     0.681      3.29      2.45     0.981
     20/24     4.27G      2.72      6.66     0.798      10.2        26       128     0.631     0.771     0.735     0.692      3.26      2.42      0.96
     21/24     4.27G      2.73      6.76     0.794      10.3        24       192     0.626     0.777     0.739     0.692      3.19      2.42      0.94
     22/24     4.27G      2.71      6.67     0.789      10.2        31       192      0.62     0.762     0.723     0.683      3.24      2.47     0.941
     23/24     4.27G      2.71      6.74     0.784      10.2        27       192     0.628     0.776      0.74     0.693      3.21      2.44     0.939
     24/24     4.27G       2.7      6.57     0.776        10        26       256     0.624     0.743     0.704     0.677      3.34      2.45     0.961
